"N" <- 10
"X" <- structure(c(0,1,0,1,0,0,0,0,1,0), .Dim = 10)