"Y" <- 0.5
"Z" <- -0.1
